22.847362118607155,3.6550207748175625
25.482369014307125,6.666457227046098
24.067313934211466,6.878715489060446
24.067313934211466,6.878715489060446
20.973276975943882,3.3426732510403507
19.09919183328061,3.030325727263138
19.09919183328061,3.030325727263138
22.652258854115807,7.090973751074794
21.237203774020152,7.3032320130891435
21.237203774020152,7.3032320130891435
17.225106690617334,2.717978203485926
15.351021547954062,2.4056306797087137
15.351021547954062,2.4056306797087137
19.822148693924493,7.515490275103492
18.407093613828835,7.72774853711784
18.407093613828835,7.727748537117841
13.476936405290788,2.0932831559315015
11.602851262627514,1.780935632154289
11.602851262627514,1.780935632154289
16.992038533733176,7.940006799132189
15.57698345363752,8.152265061146538
15.57698345363752,8.152265061146538
9.743956462895538,1.4859485002985586
8.050568234814124,1.38011173604347
8.050568234814124,1.38011173604347
14.161928373541864,8.364523323160887
12.746873293446205,8.576781585175235
12.746873293446205,8.576781585175235
6.357180006732709,1.2742749717883817
4.663791778651294,1.1684382075332933
4.663791778651294,1.1684382075332933
11.331818213350548,8.789039847189583
10.132706459310882,8.968906610295534
9.741849039149539,8.801396287369245
9.741849039149539,8.801396287369245
3.1993282044255293,1.3242296191132326
3.511675728202742,3.510662285553718
3.511675728202742,3.510662285553718
7.1805993441764,7.70371784666647
4.61934964920326,6.6060394059636955
4.619349649203261,6.606039405963696
3.824023251979954,5.6970949519942025
3.1636784192047656,1.0746811225678852
3.1636784192047656,1.0746811225678852
